0.01758609934922401 0.017891476953360484 0.014954466165091045 0.015091604309080613
0.00950190937787232 0.012368031294771454 0.014869634339983718 0.011323267482797966
0.01877122037516595 0.019572956908141037 0.00822123932504474 0.008454885179400712

0.011852368139344883 0.019840397887654043 0.015096785199314264 0.011711409181635922
0.009011347703710794 0.00742086546918094 0.016547431671510054 0.015077375093266256
0.00503112513339979 0.01948294910336195 0.008874643704457785 0.009915118857158406

0.016675865565184165 0.018018634647776373 0.014309411212516453 0.01324182340847645
0.018478147915773242 0.015154324960862754 0.015610268671117658 0.018979118145565573
0.012803090384793575 0.013601886010134612 0.014708213301073799 0.00804989452925119
