0.30801810245726197 0.3343579176696553 0.2664134826290435 0.34653946483464343
0.311562938565824 0.29404626015593877 0.2860893955968638 0.26353278877767267
0.2594706232996543 0.32175231211922606 0.3060115627802832 0.2853518249118015

0.30350396759321596 0.2659812948236806 0.32610425795248454 0.2582565385940299
0.3481884362913659 0.33429932373834786 0.2599092328274671 0.30011468836636923
0.26553864553059925 0.25123008776606204 0.3388752962220334 0.2685314148260074

0.2996866192269068 0.3419218358707127 0.32647143348211916 0.3021235704427158
0.2758580204302107 0.3408029089176734 0.28778260970656133 0.31533512781849543
0.2673376141768241 0.2691730502182622 0.27149225861329757 0.3218712260128362
