5.901450055521733 3.78539410125532 4.008723964419953 5.984884013112526
4.220963132238681 4.694020524892241 4.1276519880706815 5.779564004989924
5.258884164449153 5.520881189073742 3.768279070547588 4.791543954836261

3.3005501983787227 3.7366899697038445 4.680297753035088 4.283857363259716
3.184070565347264 3.6771287142616376 4.7996208684022506 4.0276186744071305
3.533260146694773 5.538950725046304 5.820483766141871 3.9680745147550667

5.309262828683704 4.591528254548679 5.600036058138475 3.393691881431571
5.073127263746251 3.1261755856041997 3.159114860042282 5.335304635734285
4.1647917468373254 4.297293585039089 3.6059015273521684 4.625248267069375
